# Generated using hound
# version=1.0
CPI_threshold=0.5
L1_dlat=3.495887
L1_ilat=3.495887
L2_lat=10.401338
L3_lat=17.114220
mem_lat=269.713562
CPU_freq=2701000000
FP_lat=1.741653
FP_slow_lat=20.109787
BR_lat=1.000000
BR_miss_lat=18.609375
TLB_lat=40.218750
